Inputs: 1.000000, 0.500000, 0.200000, 2.000000, 1.200000, -0.500000, -0.010000, 1.400000, 0.600000, 0.700000
Outputs: 0.027401, 0.694710, 0.809578, 0.239357, 0.315131, 0.715968, 0.806277, 0.242962, 0.857540, 0.244288
