Inputs: 1.000000, 0.500000, 0.200000, 2.000000, 1.200000, -0.500000, -0.010000, 1.400000, 0.600000, 0.700000
Outputs: 0.263967, 0.781025, 0.579832, 0.516968, 0.126142, 0.323641, 0.135992, 0.642669, 0.164543, 0.251166
