runningInputs: 1.000000, 0.500000, 0.200000, 2.000000, 1.200000, -0.500000, -0.010000, 1.400000, 0.600000, 0.700000
Outputs: 0.103973, 0.910421, 0.023532, 0.322136, 0.421488, 0.074048, 0.483492, 0.314432, 0.228286, 0.548498
