Inputs: 1.000000, 0.500000, 0.200000, 2.000000, 1.200000, -0.500000, -0.010000, 1.400000, 0.600000, 0.700000
Outputs: 0.827294, 0.556486, 0.096473, 0.341710, 0.548192, 0.849435, 0.628875, 0.410122, 0.355829, 0.361180
