Inputs: 1.000000, 0.500000, 0.200000, 2.000000, 1.200000, -0.500000, -0.010000, 1.400000, 0.600000, 0.700000
Outputs: 0.783097, 0.080395, 0.658562, 0.162158, 0.026620, 0.691794, 0.942464, 0.887742, 0.820203, 0.745022
