Inputs: 0.000000, 0.000000
Outputs: 0.546335
Inputs: 0.000000, 1.000000
Outputs: 0.537633
Inputs: 1.000000, 0.000000
Outputs: 0.563760
Inputs: 1.000000, 1.000000
Outputs: 0.552887
