Inputs: 0.000000, 0.000000
Outputs: 0.824849
Inputs: 0.000000, 1.000000
Outputs: 0.821749
Inputs: 1.000000, 0.000000
Outputs: 0.818556
Inputs: 1.000000, 1.000000
Outputs: 0.815158
