Inputs: 0.000000, 0.000000
Outputs: 0.541668
Inputs: 0.000000, 1.000000
Outputs: 0.609724
Inputs: 1.000000, 0.000000
Outputs: 0.549753
Inputs: 1.000000, 1.000000
Outputs: 0.621357
