Inputs: 1.000000, 0.000000
Outputs: 0.736843
