Inputs: 0.000000, 0.000000
Outputs: 0.999913
Inputs: 0.000000, 1.000000
Outputs: 0.999923
Inputs: 1.000000, 0.000000
Outputs: 0.999923
Inputs: 1.000000, 1.000000
Outputs: 0.999930
