Inputs: 0.000000, 0.000000
Outputs: 0.999247
Inputs: 0.000000, 1.000000
Outputs: 0.998765
Inputs: 1.000000, 0.000000
Outputs: 0.999706
Inputs: 1.000000, 1.000000
Outputs: 0.999751
