Training done!
Inputs: 0.000000, 0.000000
Outputs: 0.501536
Inputs: 0.000000, 1.000000
Outputs: 0.567099
Inputs: 1.000000, 0.000000
Outputs: 0.463492
Inputs: 1.000000, 1.000000
Outputs: 0.525190
